1007
0100
1004
0903
1001
0001
2024
730c
4008
1000
0901
1001
0001
2000
7208
400c
5ff1
1002
0001
1000
0900
2000
a00f
a013
1001
0900
2009
5013
a05e
a00d
1001
0900
2009
500d
1001
0b00
3088
5fdc
7000
7ed2
4001
5ffc
b000
1001
0900
3008
b000
1004
0010
1002
0000
1000
000f
7410
1005
0004
7340
1005
8000
7428
4001
502d
1000
00f0
7410
1005
0040
7340
1005
8000
7428
4001
5026
1000
0f00
7410
1005
0400
7340
1005
8000
7428
4001
501f
1000
f000
7410
1005
4000
7340
1005
8000
7428
4001
5018
7092
1005
8000
7468
4003
1005
0001
70aa
7049
7ee4
4fb8
5fc8
1005
0003
70aa
5fcf
1005
0030
70aa
5fd6
1005
0300
70aa
5fdd
1005
3000
70aa
5fe4
1000
0900
2000
7e80
b000
